30-Aug-2018 00:43:34
******************************************
Taylor Series Method for Exponentials Demo
                   by
             George C. Ward

__________________________________________

The x value =  0.50
For x=0.500000	  Actual e^(0.500000)	=  1.648721


Exponential: Method1-->Direct method (1+x+x^2/2+...)   Method2-->InDirect method 1/(1-x+x^2/2-...):

	_______________________________________________________________________________________________

		Approximate Values		True Relative Error		Approximate Relative Error

	Order	Method1		Method2		Method1		Method2		Method1		Method2

	------------------------------------------------------------------------------------------------

	  1	  1.000		1.000		39.347		39.347		0.000		0.000
	  2	  1.500		2.000		9.020		21.306		33.333		50.000
	  3	  1.625		1.600		1.439		2.955		7.692		25.000
	  4	  1.646		1.655		0.175		0.391		1.266		3.333
	  5	  1.648		1.648		0.017		0.040		0.158		0.431
	  6	  1.649		1.649		0.001		0.003		0.016		0.043
	  7	  1.649		1.649		0.000		0.000		0.001		0.004
	  8	  1.649		1.649		0.000		0.000		0.000		0.000
	  9	  1.649		1.649		0.000		0.000		0.000		0.000
	  10	  1.649		1.649		0.000		0.000		0.000		0.000
	  11	  1.649		1.649		0.000		0.000		0.000		0.000
	  12	  1.649		1.649		0.000		0.000		0.000		0.000
	  13	  1.649		1.649		0.000		0.000		0.000		0.000
	  14	  1.649		1.649		0.000		0.000		0.000		0.000
	  15	  1.649		1.649		0.000		0.000		0.000		0.000
	  16	  1.649		1.649		0.000		0.000		0.000		0.000
	  17	  1.649		1.649		0.000		0.000		0.000		0.000
	  18	  1.649		1.649		0.000		0.000		0.000		0.000
	  19	  1.649		1.649		0.000		0.000		0.000		0.000
	  20	  1.649		1.649		0.000		0.000		0.000		0.000
