******************************************
            Solving Equations
                   by
             George C. Ward

          16-Sep-2018 19:12:32
__________________________________________

NewtonRaphson Method for (x-2)^4
Initial Guess = 3.000000; 		 ErrorTolerance 0.000010
IterationsUpperBound 20
	_______________________________________________________________________________________________

	Iteration	AppRoot		f(x)		df(x)		AppErr
	------------------------------------------------------------------------------------------------

	  0		 3.000000 	 1.000000 	 4.000000 	
	  1		 2.750000 	 0.316406 	 1.687500 	
	  2		 2.562500 	 0.100113 	 0.711914 	
	  3		 2.421875 	 0.031676 	 0.300339 	
	  4		 2.316406 	 0.010023 	 0.126705 	
	  5		 2.237305 	 0.003171 	 0.053454 	
	  6		 2.177979 	 0.001003 	 0.022551 	
	  7		 2.133484 	 0.000317 	 0.009514 	
	  8		 2.100113 	 0.000100 	 0.004014 	
	  9		 2.075085 	 0.000032 	 0.001693 	
	  10		 2.056314 	 0.000010 	 0.000714 	
	  11		 2.042235 	 0.000003 	 0.000301 	
	  12		 2.031676 	 0.000001 	 0.000127 	
	  13		 2.023757 	 0.000000 	 0.000054 	
	  14		 2.017818 	 0.000000 	 0.000023 	
	  15		 2.013363 	 0.000000 	 0.000010 	
	  16		 2.010023 	 0.000000 	 0.000004 	
	  17		 2.007517 	 0.000000 	 0.000002 	
	  18		 2.005638 	 0.000000 	 0.000001 	
	  19		 2.004228 	 0.000000 	 0.000000 	
	  20		 2.003171 	 0.000000 	 0.000000 	
	  21		 2.002378 	 0.000000 	 0.000000 	
	  22		 2.001784 	 0.000000 	 0.000000 	
	  23		 2.001338 	 0.000000 	 0.000000 	
	  24		 2.001003 	 0.000000 	 0.000000 	
	  25		 2.000753 	 0.000000 	 0.000000 	
	  26		 2.000564 	 0.000000 	 0.000000 	
	  27		 2.000423 	 0.000000 	 0.000000 	
	  28		 2.000317 	 0.000000 	 0.000000 	
	  29		 2.000238 	 0.000000 	 0.000000 	
	  30		 2.000179 	 0.000000 	 0.000000 	
	  31		 2.000134 	 0.000000 	 0.000000 	
	  32		 2.000100 	 0.000000 	 0.000000 	
	  33		 2.000075 	 0.000000 	 0.000000 	
	  34		 2.000057 	 0.000000 	 0.000000 	
	  35		 2.000042 	 0.000000 	 0.000000 	
	  36		 2.000032 	 0.000000 	 0.000000 	
	  37		 2.000024 	 0.000000 	 0.000000 	
	  38		 2.000018 	 0.000000 	 0.000000 	
	  39		 2.000013 	 0.000000 	 0.000000 	
	  40		 2.000010 	 0.000000 	 0.000000 	
	  41		 2.000008 	 0.000000 	 0.000000 	
	  42		 2.000006 	 0.000000 	 0.000000 	
	  43		 2.000004 	 0.000000 	 0.000000 	
	  44		 2.000003 	 0.000000 	 0.000000 	
	  45		 2.000002 	 0.000000 	 0.000000 	
	  46		 2.000002 	 0.000000 	 0.000000 	
	  47		 2.000001 	 0.000000 	 0.000000 	
	  48		 2.000001 	 0.000000 	 0.000000 	
	  49		 2.000001 	 0.000000 	 0.000000 	
	  50		 2.000001 	 0.000000 	 0.000000 	
	  51		 2.000000 	 0.000000 	 0.000000 	
	  52		 2.000000 	 0.000000 	 0.000000 	
	  53		 2.000000 	 0.000000 	 0.000000 	
	  54		 2.000000 	 0.000000 	 0.000000 	
	  55		 2.000000 	 0.000000 	 0.000000 	
	  56		 2.000000 	 0.000000 	 0.000000 	
	  57		 2.000000 	 0.000000 	 0.000000 	
	  58		 2.000000 	 0.000000 	 0.000000 	
	  59		 2.000000 	 0.000000 	 0.000000 	
	  60		 2.000000 	 0.000000 	 0.000000 	
	  61		 2.000000 	 0.000000 	 0.000000 	
	  62		 2.000000 	 0.000000 	 0.000000 	
	  63		 2.000000 	 0.000000 	 0.000000 	
	  64		 2.000000 	 0.000000 	 0.000000 	
	  65		 2.000000 	 0.000000 	 0.000000 	
	  66		 2.000000 	 0.000000 	 0.000000 	
	  67		 2.000000 	 0.000000 	 0.000000 	
	  68		 2.000000 	 0.000000 	 0.000000 	
	  69		 2.000000 	 0.000000 	 0.000000 	
	  70		 2.000000 	 0.000000 	 0.000000 	
	  71		 2.000000 	 0.000000 	 0.000000 	
	  72		 2.000000 	 0.000000 	 0.000000 	
	  73		 2.000000 	 0.000000 	 0.000000 	
	  74		 2.000000 	 0.000000 	 0.000000 	
	  75		 2.000000 	 0.000000 	 0.000000 	
	  76		 2.000000 	 0.000000 	 0.000000 	
	  77		 2.000000 	 0.000000 	 0.000000 	
	  78		 2.000000 	 0.000000 	 0.000000 	
	  79		 2.000000 	 0.000000 	 0.000000 	
	  80		 2.000000 	 0.000000 	 0.000000 	
	  81		 2.000000 	 0.000000 	 0.000000 	
	  82		 2.000000 	 0.000000 	 0.000000 	
	  83		 2.000000 	 0.000000 	 0.000000 	
	  84		 2.000000 	 0.000000 	 0.000000 	
	  85		 2.000000 	 0.000000 	 0.000000 	
	  86		 2.000000 	 0.000000 	 0.000000 	
	  87		 2.000000 	 0.000000 	 0.000000 	
	  88		 2.000000 	 0.000000 	 0.000000 	
	  89		 2.000000 	 0.000000 	 0.000000 	
	  90		 2.000000 	 0.000000 	 0.000000 	
	  91		 2.000000 	 0.000000 	 0.000000 	
	  92		 2.000000 	 0.000000 	 0.000000 	
	  93		 2.000000 	 0.000000 	 0.000000 	
	  94		 2.000000 	 0.000000 	 0.000000 	
	  95		 2.000000 	 0.000000 	 0.000000 	
	  96		 2.000000 	 0.000000 	 0.000000 	
	  97		 2.000000 	 0.000000 	 0.000000 	
	  98		 2.000000 	 0.000000 	 0.000000 	
	  99		 2.000000 	 0.000000 	 0.000000 	
	  100		 2.000000 	 0.000000 	 0.000000 	
	  101		 2.000000 	 0.000000 	 0.000000 	
	  102		 2.000000 	 0.000000 	 0.000000 	
	  103		 2.000000 	 0.000000 	 0.000000 	
	  104		 2.000000 	 0.000000 	 0.000000 	
	  105		 2.000000 	 0.000000 	 0.000000 	
	  106		 2.000000 	 0.000000 	 0.000000 	
	  107		 2.000000 	 0.000000 	 0.000000 	
	  108		 2.000000 	 0.000000 	 0.000000 	
	  109		 2.000000 	 0.000000 	 0.000000 	
	  110		 2.000000 	 0.000000 	 0.000000 	
	  111		 2.000000 	 0.000000 	 0.000000 	
	  112		 2.000000 	 0.000000 	 0.000000 	
	  113		 2.000000 	 0.000000 	 0.000000 	
	  114		 2.000000 	 0.000000 	 0.000000 	
	  115		 2.000000 	 0.000000 	 0.000000 	
	  116		 2.000000 	 0.000000 	 0.000000 	
	  117		 2.000000 	 0.000000 	 0.000000 	
	  118		 2.000000 	 0.000000 	 0.000000 	
	  119		 2.000000 	 0.000000 	 0.000000 	
	  120		 2.000000 	 0.000000 	 0.000000 	
	  121		 2.000000 	 0.000000 	 0.000000 	
	  122		 2.000000 	 0.000000 	 0.000000 	
	  123		 2.000000 	 0.000000 	 0.000000 	
	  124		 2.000000 	 0.000000 	 0.000000 	
	  125		 2.000000 	 0.000000 	 0.000000 	
	  126		 2.000000 	 0.000000 	 0.000000 	
	  127		 2.000000 	 0.000000 	 0.000000 	
	  128		 2.000000 	 0.000000 	 0.000000 	
	  129		 2.000000 	 0.000000 	 0.000000 	
	  130		 2.000000 	 0.000000 	 0.000000 	
	  131		 2.000000 	 0.000000 	 0.000000 	
	  132		 2.000000 	 0.000000 	 0.000000 	
	  133		 2.000000 	 0.000000 	 0.000000 	
	  134		 2.000000 	 0.000000 	 0.000000 	
	  135		 2.000000 	 0.000000 	 0.000000 	
	  136		 2.000000 	 0.000000 	 0.000000 	
	  137		 2.000000 	 0.000000 	 0.000000 	
	  138		 2.000000 	 0.000000 	 0.000000 	
	  139		 2.000000 	 0.000000 	 0.000000 	
	  140		 2.000000 	 0.000000 	 0.000000 	
	  141		 2.000000 	 0.000000 	 0.000000 	
	  142		 2.000000 	 0.000000 	 0.000000 	
	  143		 2.000000 	 0.000000 	 0.000000 	
	  144		 2.000000 	 0.000000 	 0.000000 	
	  145		 2.000000 	 0.000000 	 0.000000 	
	  146		 2.000000 	 0.000000 	 0.000000 	
	  147		 2.000000 	 0.000000 	 0.000000 	
	  148		 2.000000 	 0.000000 	 0.000000 	
	  149		 2.000000 	 0.000000 	 0.000000 	
	  150		 2.000000 	 0.000000 	 0.000000 	
	  151		 2.000000 	 0.000000 	 0.000000 	
	  152		 2.000000 	 0.000000 	 0.000000 	
	  153		 2.000000 	 0.000000 	 0.000000 	
	  154		 2.000000 	 0.000000 	 0.000000 	
	  155		 2.000000 	 0.000000 	 0.000000 	
	  156		 2.000000 	 0.000000 	 0.000000 	
	  157		 2.000000 	 0.000000 	 0.000000 	
	  158		 2.000000 	 0.000000 	 0.000000 	
	  159		 2.000000 	 0.000000 	 0.000000 	
	  160		 2.000000 	 0.000000 	 0.000000 	
	  161		 2.000000 	 0.000000 	 0.000000 	
	  162		 2.000000 	 0.000000 	 0.000000 	
	  163		 2.000000 	 0.000000 	 0.000000 	
	  164		 2.000000 	 0.000000 	 0.000000 	
	  165		 2.000000 	 0.000000 	 0.000000 	
	  166		 2.000000 	 0.000000 	 0.000000 	
	  167		 2.000000 	 0.000000 	 0.000000 	
	  168		 2.000000 	 0.000000 	 0.000000 	
	  169		 2.000000 	 0.000000 	 0.000000 	
	  170		 2.000000 	 0.000000 	 0.000000 	
	  171		 2.000000 	 0.000000 	 0.000000 	
	  172		 2.000000 	 0.000000 	 0.000000 	
	  173		 2.000000 	 0.000000 	 0.000000 	
	  174		 2.000000 	 0.000000 	 0.000000 	
	  175		 2.000000 	 0.000000 	 0.000000 	
	  176		 2.000000 	 0.000000 	 0.000000 	
	  177		 2.000000 	 0.000000 	 0.000000 	
	  178		 2.000000 	 0.000000 	 0.000000 	
	  179		 2.000000 	 0.000000 	 0.000000 	
	  180		 2.000000 	 0.000000 	 0.000000 	
	  181		 2.000000 	 0.000000 	 0.000000 	
	  182		 2.000000 	 0.000000 	 0.000000 	
	  183		 2.000000 	 0.000000 	 0.000000 	
	  184		 2.000000 	 0.000000 	 0.000000 	
	  185		 2.000000 	 0.000000 	 0.000000 	
	  186		 2.000000 	 0.000000 	 0.000000 	
	  187		 2.000000 	 0.000000 	 0.000000 	
	  188		 2.000000 	 0.000000 	 0.000000 	
	  189		 2.000000 	 0.000000 	 0.000000 	
	  190		 2.000000 	 0.000000 	 0.000000 	

Elapsed time is 26100.2 seconds.
16-Sep-2018 19:12:33
